# TomoID, zspec, gmag, ra, dec, delta_x (Mpc/h), delta_y (Mpc/h), z0 (Mpc/h), z1 (Mpc/h), i_start, i_end
00416   2.9400  24.77   150.279   2.08295     26.182    -0.579   279.862   434.942       0     160
00486   2.6340  24.34   150.188   2.09373     20.061     0.150    85.057   428.924     161     510
00491   2.9990  24.47   150.067   2.08433     11.884    -0.485   326.702   435.800     511     632
00565   2.5510  24.89   149.957   2.09148      4.406    -0.002   112.017   357.795     633     885
00830   2.8990  24.31   150.256   2.15451     24.643     4.261   249.382   435.066     886    1083
00834   2.6370  25.07   150.233   2.14658     23.051     3.725    54.245   431.488    1084    1476
00871   2.3010  24.33   150.088   2.24847     13.309    10.615    31.857   145.621    1477    1594
00923   2.6220  24.88   150.068   2.15819     11.922     4.510    42.801   418.795    1595    1981
00933   2.6940  24.89   150.105   2.13738     14.399     3.102    96.567   435.356    1982    2343
00941   2.4500  24.35   150.036   2.28960      9.744    13.397     0.687   272.432    2344    2618
00954   2.6570  24.32   150.029   2.25323      9.305    10.937    68.502   435.254    2619    3002
00955   2.7730  24.80   149.899   2.25246      0.486    10.885   155.249   434.968    3003    3296
00966   2.5550  24.60   150.034   2.23549      9.600     9.738     0.587   361.348    3297    3670
00968   2.7120  24.70   149.964   2.23706      4.922     9.844   109.824   435.466    3671    4016
01003   2.5600  24.93   150.054   2.18500     10.970     6.323     0.514   365.707    4017    4393
01012   2.4360  24.68   150.053   2.15130     10.927     4.044     0.598   260.320    4394    4653
01016   2.6230  24.65   150.023   2.14595      8.872     3.682    43.787   419.681    4654    5047
01181   2.3150  24.60   150.335   2.36654     29.965    18.600     0.762   157.686    5048    5204
01232   2.4740  24.64   150.064   2.41334     11.660    21.765     0.374   292.440    5205    5535
01235   2.4750  22.86   150.092   2.39908     13.517    20.801     0.690   293.939    5536    5872
01239   2.5070  23.61   150.149   2.38391     17.390    19.775     0.303   320.634    5873    6199
01245   2.4640  24.71   150.102   2.37672     14.190    19.289     0.150   284.094    6200    6488
01265   2.4470  23.08   150.065   2.32904     11.695    16.064     0.335   257.633    6489    6747
01321   2.3760  24.48   150.023   2.37721      8.901    19.322     0.276   209.399    6748    6964
01325   2.7460  24.35   149.895   2.36822      0.211    18.714   135.161   435.800    6965    7280
01333   2.8280  24.34   149.955   2.35886      4.318    18.081   196.620   435.683    7281    7541
01349   2.6780  25.18   150.023   2.31791      8.893    15.312    84.197   435.655    7542    7918
01543   2.4660  24.80   150.076   2.47717     12.447    26.082     0.162   286.377    7919    8208
01584   2.4500  24.29   150.026   2.47677      9.079    26.055     0.367   272.215    8209    8484
01865   2.6460  24.69   150.101   2.24173     14.165    10.160    60.654   435.121    8485    8875
01878   2.4430  24.48   149.945   2.26423      3.636    11.681     0.226   266.001    8876    9144
09762   2.5670  24.40   150.272   2.10449     25.714     0.878     1.947   371.719    9145    9526
10287   2.4350  24.24   149.990   2.11656      6.636     1.694     0.426   259.341    9527    9784
12279   2.8080  24.21   150.266   2.25586     25.337    11.115   181.161   432.960    9785   10055
12541   2.4370  24.53   150.103   2.25851     14.315    11.294     0.536   261.029   10056   10318
12722   2.4170  25.07   150.099   2.16134     14.015     4.723     7.110   244.547   10319   10566
12836   2.2840  23.95   150.047   2.25102     10.489    10.788     0.564   131.300   10567   10692
12913   2.4180  24.75   150.035   2.20399      9.702     7.607     8.341   245.096   10693   10939
13010   2.4220  24.76   149.954   2.14260      4.220     3.456    11.506   248.572   10940   11188
14793   2.7910  24.91   150.244   2.40765     23.839    21.381   169.105   435.098   11189   11466
14852   2.4560  24.80   150.387   2.37505     33.462    19.176    68.586   277.068   11467   11677
15035   2.4790  24.57   150.097   2.45167     13.895    24.358     0.266   297.138   11678   11979
15059   2.5060  24.16   150.165   2.42249     18.502    22.384     0.478   319.857   11980   12309
15089   2.8620  24.76   150.104   2.39529     14.333    20.545   221.486   435.307   12310   12539
15140   2.4570  24.39   150.112   2.37263     14.900    19.012     0.675   278.617   12540   12820
15171   2.2740  23.64   150.094   2.34853     13.698    17.382    92.199   122.994   12821   12846
15218   2.6130  24.26   150.173   2.32540     19.031    15.818    36.383   411.075   12847   13236
15322   2.9240  24.72   150.016   2.42362      8.403    22.461   268.189   435.055   13237   13412
15363   2.5450  24.85   149.986   2.37884      6.416    19.432     0.688   353.312   13413   13778
15373   2.4180  24.79   150.000   2.37243      7.362    18.999     7.894   245.354   13779   14025
15399   2.6890  22.24   150.020   2.35363      8.690    17.727    94.983   435.055   14026   14379
15462   2.7510  24.70   149.944   2.32487      3.571    15.782   139.101   435.279   14380   14689
15473   2.4400  24.72   150.043   2.31694     10.242    15.246     0.103   264.122   14690   14953
15492   2.5550  23.82   149.959   2.30758      4.583    14.613     0.502   361.581   14954   15329
15502   2.8150  24.45   149.938   2.29826      3.149    13.983   186.873   434.920   15330   15597
17728   2.4920  24.19   150.106   2.49014     14.493    26.959     0.386   308.431   15598   15915
17758   2.6060  24.95   150.102   2.47219     14.244    25.745    31.188   404.652   15916   16304
32330   2.2740  23.86   150.355   2.14912     31.298     3.896     9.894   122.520   16305   16421
32338   2.3010  24.75   150.292   2.13483     27.035     2.930     0.795   145.948   16422   16564
32413   2.3710  25.10   149.938   2.25841      3.120    11.288     0.434   204.833   16565   16775
33617   3.0040  24.13   149.940   2.31627      3.286    15.201   327.543   435.438   16776   16897
15382   2.1900  24.22   150.037   2.36619      9.830    18.577     0.082    51.116   16898   16945
15159   2.4610  23.79   150.095   2.35827     13.719    18.041    99.865   281.974   16946   17127
00852   2.3750  24.50   150.062   2.28314     11.497    12.960     0.717   208.535   17128   17340
01267   2.2180  24.78   150.067   2.32434     11.835    15.746     0.777    75.194   17341   17413
00857   2.6500  24.69   150.093   2.27371     13.646    12.322    63.735   435.582   17414   17795
01260   2.6790  24.55   150.079   2.34060     12.696    16.846    85.655   435.472   17796   18162
01276   2.6790  24.77   150.080   2.30685     12.725    14.564    85.690   435.511   18163   18529
00865   2.9460  23.75   150.076   2.26429     12.468    11.685   287.571   435.140   18530   18694
12714   2.2600  24.31   150.083   2.16487     12.922     4.962     0.622   111.098   18695   18809
12584   2.1750  24.01   150.079   2.23947     12.673    10.007     0.046    38.361   18810   18842
12600   2.9280  24.21   150.078   2.22956     12.618     9.337   271.159   435.490   18843   19014
12619   3.0320  23.73   150.081   2.22006     12.802     8.694   348.212   435.324   19015   19111
00959   2.6700  20.12   150.037   2.24462      9.845    10.355    80.978   435.686   19112   19514
00994   2.7090  23.43   150.046   2.20114     10.440     7.415   110.739   435.719   19515   19880
00962   2.2670  24.36   150.003   2.24145      7.533    10.141     4.691   116.727   19881   19996
00965   2.4420  24.40   149.995   2.23980      6.997    10.029     0.637   265.249   19997   20261
00974   2.4210  24.25   149.956   2.23013      4.362     9.375    10.757   248.011   20262   20510
00990   2.4580  24.35   149.988   2.20705      6.545     7.814     0.054   278.819   20511   20790
00986   2.5560  24.57   149.995   2.21234      6.982     8.172     0.699   362.204   20791   21162
01009   2.6230  24.43   150.014   2.16877      8.252     5.225    43.638   419.733   21163   21547
00982   2.6580  24.68   150.021   2.21256      8.757     8.187    69.597   434.955   21548   21919
01883   2.8180  24.34   149.980   2.23048      5.953     9.399   189.188   435.445   21920   22184
00958   2.8940  24.20   150.030   2.24853      9.393    10.619   245.708   435.766   22185   22384
01906   2.1680  24.31   150.113   2.31944     14.949    15.415     0.009    33.052   22385   22410
15182   2.5130  24.74   150.124   2.34884     15.724    17.403     0.743   325.627   22411   22743
15268   2.5020  24.63   150.157   2.30079     17.933    14.154     0.473   316.865   22744   23061
12505   2.4080  24.25   150.144   2.28177     17.032    12.867     0.108   236.915   23062   23306
15214   2.5520  24.28   150.115   2.32760     15.103    15.967     0.670   359.073   23307   23677
15230   2.8620  24.60   150.134   2.31976     16.378    15.437   222.075   435.286   23678   23903
00856   2.5040  24.75   150.161   2.27590     18.212    12.470    75.390   318.522   23904   24149
01753   2.4600  24.39   150.160   2.37123     18.129    18.918     0.359   281.017   24150   24429
01754   2.4550  23.98   150.148   2.36719     17.307    18.644     0.179   276.202   24430   24706
01252   2.5560  24.73   150.160   2.35477     18.145    17.804     0.400   362.497   24707   25076
01262   2.5520  24.52   150.119   2.33762     15.354    16.645     0.836   358.560   25077   25445
00858   2.7470  24.28   150.141   2.27234     16.872    12.230   135.754   435.103   25446   25756
01283   2.8060  24.86   150.119   2.29898     15.367    14.031   179.930   430.949   25757   26026
00863   2.9170  24.07   150.122   2.26981     15.608    12.059   262.614   435.454   26027   26208
12598   2.2290  24.60   150.121   2.23103     15.541     9.436     0.369    84.143   26209   26293
01886   2.3050  24.26   150.129   2.20720     16.082     7.824     0.429   148.948   26294   26439
12604   2.4370  24.17   150.165   2.22747     18.490     9.195    80.255   261.439   26440   26618
00885   2.2250  24.21   150.119   2.22412     15.397     8.969     0.051    81.276   26619   26700
00925   2.2310  24.08   150.161   2.15474     18.196     4.277    22.066    85.825   26701   26760
00892   2.3210  23.65   150.105   2.21573     14.411     8.401     0.260   162.604   26761   26922
00877   2.4320  24.17   150.121   2.23543     15.517     9.734     0.804   256.934   26923   27177
01870   2.6130  24.08   150.127   2.14764     15.914     3.796    35.832   411.130   27178   27565
00889   2.7100  24.35   150.144   2.21977     17.093     8.674   108.308   435.729   27566   27907
00903   2.6850  24.71   150.120   2.19230     15.476     6.817    89.979   435.032   27908   28271
00922   2.8270  24.00   150.117   2.15873     15.268     4.546   195.978   435.670   28272   28529
15488   2.1650  24.58   149.988   2.30862      6.492    14.683     0.087    30.618   28530   28552
15447   2.8600  24.07   150.007   2.33233      7.814    16.287   219.911   435.361   28553   28780
15483   3.0050  25.23   149.979   2.31297      5.915    14.977   328.305   435.187   28781   28900
01330   2.2560  23.75   149.994   2.36083      6.902    18.214     0.453   107.904   28901   29012
01345   2.4650  25.09   150.012   2.32297      8.129    15.654     0.250   284.940   29013   29298
00951   2.6730  23.55   150.018   2.25944      8.563    11.357   120.756   434.950   29299   29650
14925   2.4560  24.01   150.232   2.33713     23.001    16.611    11.376   277.834   29651   29914
15146   2.5170  24.95   150.221   2.37094     22.277    18.898     0.563   329.159   29915   30251
14947   2.5050  24.15   150.235   2.33237     23.185    16.290    41.683   319.360   30252   30525
15173   2.5070  24.04   150.225   2.35619     22.539    17.900     0.305   320.503   30526   30851
12509   2.8020  24.32   150.179   2.27531     19.399    12.431   177.278   427.824   30852   31123
15175   2.8630  24.76   150.178   2.35356     19.393    17.723   222.194   435.636   31124   31352
15247   2.8700  24.27   150.176   2.30976     19.217    14.760   227.375   435.024   31353   31574
00864   2.4490  24.20   150.184   2.26626     19.798    11.819     0.767   271.817   31575   31848
01268   2.4600  24.47   150.211   2.32292     21.616    15.650     0.773   280.408   31849   32128
01274   2.4910  24.11   150.223   2.30720     22.431    14.587     0.687   307.160   32129   32438
01678   2.4840  24.38   150.225   2.35120     22.555    17.563     0.317   301.442   32439   32778
01272   2.7380  24.55   150.200   2.31550     20.832    15.149   129.279   435.257   32779   33097
01723   2.7800  23.97   150.221   2.28813     22.289    13.298   160.749   435.100   33098   33380
12595   2.3030  24.92   150.073   2.23328     12.293     9.588     0.308   147.820   33381   33524
12701   2.4860  23.90   150.077   2.17348     12.520     5.544     0.825   303.076   33525   33829
12653   2.3000  24.82   150.069   2.18897     11.973     6.591     0.047   145.084   33830   33971
00964   2.2810  24.42   150.059   2.24059     11.323    10.082     0.322   128.873   33972   34095
01861   2.4370  24.53   150.081   2.24284     12.780    10.235     0.302   261.365   34096   34355
01867   2.8150  24.87   150.093   2.16409     13.592     4.909   186.685   435.331   34356   34620
15103   2.6420  24.48   150.225   2.39841     22.537    20.756    58.085   435.676   34621   35007
17723   2.6450  23.87   150.218   2.49178     22.058    27.070    59.556   435.620   35008   35394
15070   2.8260  24.07   150.226   2.41798     22.576    22.079   194.698   435.432   35395   35650
14797   2.8170  24.45   150.233   2.38661     23.048    19.958   188.429   435.008   35651   35913
01219   2.5860  24.70   150.205   2.45545     21.153    24.613    15.783   388.058   35914   36297
01779   2.6750  24.74   150.207   2.48269     21.296    26.456    82.256   434.024   36298   36669
01551   2.8250  24.55   150.222   2.46088     22.361    24.981   194.583   435.080   36670   36925
12707   2.3700  24.12   150.204   2.17102     21.151     5.378     0.732   204.667   36926   37134
12732   2.4320  24.73   150.183   2.15479     19.678     4.280     0.483   257.068   37135   37392
12304   2.4890  24.63   150.228   2.23602     22.721     9.773     0.347   305.209   37393   37699
12340   2.4290  25.15   150.237   2.22116     23.337     8.768    97.095   254.113   37700   37852
12634   2.4800  24.19   150.188   2.20976     20.010     7.997     0.745   297.543   37853   38154
12562   2.8310  24.57   150.167   2.24386     18.642    10.304   198.674   435.163   38155   38412
12564   2.9390  24.82   150.226   2.23847     22.594     9.939   279.442   435.613   38413   38574
00884   2.4380  24.23   150.209   2.22566     21.446     9.073     0.038   261.989   38575   38835
00898   2.6280  24.95   150.203   2.20034     21.032     7.360    47.024   423.819   38836   39223
17715   2.5380  24.95   150.096   2.49511     13.819    27.295   103.992   347.131   39224   39474
26486   2.5500  24.61   150.060   2.38770     11.404    20.031     0.220   357.588   39475   39842
01241   2.4690  23.72   150.076   2.38064     12.451    19.554     0.372   288.784   39843   40133
01233   2.7030  24.20   150.088   2.39438     13.252    20.483   102.908   435.158   40134   40482
15040   2.5100  24.53   150.138   2.44066     16.627    23.613     0.855   323.718   40483   40811
15288   2.5150  24.72   149.960   2.45353      4.620    24.483     0.297   327.599   40812   41148
15292   2.6270  25.02   149.959   2.45022      4.546    24.260    46.878   422.356   41149   41538
17941   2.7520  24.60   149.996   2.47774      7.029    26.121   140.102   435.071   41539   41845
17961   2.9230  24.56   150.006   2.46284      7.734    25.113   267.086   435.763   41846   42021
01589   2.4150  24.41   150.014   2.46674      8.254    25.377    72.398   242.984   42022   42191
01298   2.4580  25.06   149.970   2.43493      5.310    23.226     0.308   279.090   42192   42471
01316   2.8710  24.89   149.986   2.38921      6.354    20.134   228.818   435.532   42472   42691
12455   2.2940  24.67   150.248   2.15066     24.072     4.001     0.832   139.696   42692   42826
12355   2.5780  24.76   150.256   2.21225     24.609     8.166    10.244   380.762   42827   43208
32293   2.5030  24.18   150.285   2.21318     26.572     8.229     0.597   317.779   43209   43528
12374   2.6150  24.83   150.272   2.20637     25.692     7.768    37.467   412.809   43529   43914
12405   2.5800  24.59   150.271   2.18604     25.622     6.393    11.278   382.367   43915   44296
32286   2.4950  24.22   150.278   2.21997     26.100     8.688     0.845   310.283   44297   44610
12428   2.9440  24.57   150.289   2.16692     26.891     5.100   283.328   435.484   44611   44767
00785   2.5060  24.51   150.271   2.24478     25.674    10.366     0.694   319.645   44768   45093
00783   2.5790  24.27   150.281   2.24953     26.314    10.687    11.143   381.734   45094   45475
00793   2.6110  21.02   150.272   2.23010     25.723     9.373    37.276   409.243   45476   45894
00823   2.6010  24.52   150.263   2.16603     25.078     5.040    26.831   400.193   45895   46279
12252   2.5810  24.16   150.300   2.27421     27.623    12.356    54.994   383.210   46280   46613
14978   2.5760  24.43   150.298   2.31653     27.486    15.218     8.313   379.373   46614   46991
15000   2.9300  24.70   150.293   2.30704     27.137    14.576   272.052   434.975   46992   47160
15008   2.9290  24.57   150.267   2.30260     25.383    14.276   271.600   435.148   47161   47331
14899   3.0290  24.08   150.256   2.35352     24.603    17.720   349.002   435.389   47332   47429
01216   2.4080  24.70   150.268   2.29750     25.473    13.931     0.440   236.933   47430   47673
00771   2.5300  24.70   150.279   2.27316     26.161    12.285     0.062   340.194   47674   48022
01189   2.4650  24.56   150.296   2.34540     27.330    17.171     0.718   284.923   48023   48307
01193   2.4480  24.25   150.304   2.33754     27.892    16.639    18.886   270.323   48308   48556
01201   2.4680  22.17   150.254   2.33063     24.512    16.172     0.070   287.558   48557   48884
01203   2.4680  24.71   150.254   2.32426     24.481    15.741     0.588   287.381   48885   49175
01179   2.9240  24.38   150.255   2.36652     24.596    18.599   268.266   435.011   49176   49352
01192   2.9090  24.48   150.287   2.34202     26.704    16.942   256.528   434.995   49353   49539
00765   2.9580  24.64   150.251   2.28405     24.310    13.022   293.361   435.119   49540   49686
01154   2.9590  24.28   150.264   2.29386     25.195    13.685   293.932   435.756   49687   49833
33398   2.4020  23.90   150.293   2.42088     27.126    22.275     0.112   231.713   49834   50072
14815   2.4700  24.42   150.306   2.39347     27.989    20.422    55.628   289.486   50073   50314
34570   2.5590  24.06   150.281   2.48831     26.345    26.836     0.338   364.960   50315   50690
14748   3.0100  24.34   150.286   2.42450     26.673    22.520   335.121   435.608   50691   50802
14804   2.5660  24.04   150.310   2.39676     28.281    20.644   106.163   370.704   50803   51063
33429   2.8850  24.73   150.302   2.38575     27.763    19.900   238.678   435.113   51064   51270
14756   2.9850  23.98   150.285   2.43571     26.562    23.278   313.390   435.404   51271   51406
01174   2.3130  24.36   150.256   2.38222     24.642    19.661     0.721   155.990   51407   51560
01777   2.4500  24.20   150.250   2.46645     24.216    25.357     0.672   272.526   51561   51835
01157   2.5560  24.44   150.293   2.45171     27.140    24.360     0.088   362.149   51836   52207
01161   3.0270  24.17   150.248   2.44215     24.074    23.714   347.321   435.506   52208   52307
14818   2.2790  24.07   150.345   2.39424     30.625    20.474     0.576   126.637   52308   52427
14776   2.4710  24.18   150.372   2.41991     32.500    22.210    13.629   290.574   52428   52704
17503   2.4030  23.85   150.338   2.47542     30.167    25.964     0.664   232.768   52705   52945
14742   2.5050  24.27   150.323   2.44352     29.132    23.806     0.334   319.108   52946   53271
14763   2.5550  23.52   150.328   2.42992     29.502    22.887     0.095   361.436   53272   53644
14751   2.5510  24.82   150.318   2.43698     28.816    23.364     0.345   358.453   53645   54015
14833   2.5580  24.69   150.359   2.38921     31.566    20.134     0.449   364.313   54016   54390
14800   2.5850  24.61   150.369   2.40183     32.236    20.987    15.540   387.189   54391   54772
17517   2.5870  24.72   150.348   2.46721     30.872    25.409    16.766   389.035   54773   55156
14777   2.7300  24.66   150.354   2.42154     31.268    22.320   123.173   435.618   55157   55481
17489   3.0160  24.23   150.344   2.48693     30.597    26.742   336.338   435.231   55482   55592
01159   2.4520  24.48   150.351   2.44302     31.071    23.773     0.434   273.988   55593   55866
01168   2.4960  24.29   150.311   2.40391     28.327    21.128     0.155   311.254   55867   56187
01502   2.4710  24.59   150.359   2.48178     31.574    26.394     0.442   290.096   56188   56480
01512   2.4710  24.41   150.356   2.46340     31.382    25.151     0.093   290.476   56481   56773
14882   2.4520  23.88   150.340   2.35964     30.312    18.134     0.607   274.056   56774   57048
15010   2.3170  24.55   150.329   2.30061     29.576    14.142     0.840   159.283   57049   57206
32231   2.5860  24.31   150.322   2.28384     29.107    13.007    15.526   387.562   57207   57593
14940   2.4940  24.04   150.364   2.33619     31.936    16.548     0.708   309.413   57594   57906
15018   2.4960  24.49   150.380   2.29622     32.995    13.845   109.347   311.298   57907   58109
33462   2.4980  24.21   150.379   2.33715     32.968    16.613    36.658   313.045   58110   58384
33466   2.7980  24.73   150.319   2.33461     28.869    16.441   174.087   425.128   58385   58657
32238   2.6580  24.62   150.383   2.28580     33.195    13.140   163.805   434.921   58658   58923
14872   2.9500  24.88   150.370   2.36380     32.311    18.415   287.529   435.366   58924   59077
14908   2.8000  24.62   150.325   2.34851     29.301    17.381   175.933   426.549   59078   59348
14982   2.7520  24.54   150.334   2.31350     29.929    15.013   139.574   435.645   59349   59657
01187   2.4530  24.09   150.354   2.35273     31.274    17.666     0.850   275.293   59658   59932
00767   2.5780  24.73   150.312   2.27923     28.431    12.696     9.778   380.658   59933   60318
01212   2.6550  24.50   150.370   2.30588     32.343    14.498    67.805   435.109   60319   60692
12291   2.4550  23.91   150.360   2.24675     31.651    10.499     0.370   276.247   60693   60970
12400   2.5020  24.07   150.323   2.18807     29.185     6.531     0.685   316.417   60971   61293
12359   2.4830  24.52   150.367   2.21295     32.122     8.213     0.357   300.047   61294   61595
12375   2.4900  24.61   150.325   2.20695     29.272     7.807     0.766   305.928   61596   61905
32321   2.6140  24.66   150.368   2.15833     32.190     4.519    36.474   411.322   61906   62290
12334   2.7280  23.68   150.385   2.22249     33.320     8.858   123.839   435.550   62291   62616
12322   2.4950  24.95   150.341   2.23061     30.395     9.408     0.858   310.683   62617   62931
00784   2.4940  22.02   150.316   2.24678     28.718    10.501     0.480   310.099   62932   63287
00794   2.4930  23.85   150.319   2.22503     28.899     9.030     0.117   308.536   63288   63604
00795   2.4510  24.45   150.312   2.21436     28.441     8.309     0.714   273.173   63605   63880
00819   2.5510  24.89   150.378   2.17079     32.908     5.362   119.686   357.879   63881   64123
01719   2.5830  24.68   150.316   2.24457     28.688    10.352    14.096   385.746   64124   64512
00788   2.7380  24.24   150.391   2.24033     33.761    10.065   181.148   435.624   64513   64772
00802   2.7290  24.50   150.340   2.20841     30.313     7.906   122.382   435.071   64773   65099
17733   2.3800  24.87   150.149   2.48830     17.395    26.835    28.658   212.468   65100   65284
26344   2.4770  24.39   150.100   2.46256     14.109    25.094     0.183   295.084   65285   65584
33515   2.4630  23.57   150.158   2.40890     17.989    21.465    69.324   283.001   65585   65802
15320   2.6300  24.77   150.000   2.42489      7.333    22.547    48.827   425.324   65803   66195
15055   2.5200  24.31   150.064   2.42693     11.629    22.685     0.227   331.561   66196   66532
34724   2.3920  24.74   150.057   2.48230     11.186    26.429     0.480   222.800   66533   66763
01220   2.4230  24.71   150.070   2.45253     12.043    24.416     0.535   249.094   66764   67009
15385   2.4770  24.13   149.942   2.36591      3.423    18.558     0.193   295.150   67010   67311
33610   2.5830  23.94   149.999   2.33633      7.296    16.557   136.623   385.218   67312   67565
15421   3.0210  24.52   149.949   2.34485      3.876    17.134   340.556   435.322   67566   67672
01875   2.5520  24.06   149.936   2.29014      3.004    13.434     0.076   359.261   67673   68044
01354   2.6810  24.59   149.941   2.30644      3.329    14.536    86.957   435.622   68045   68414
15405   2.8590  24.17   149.986   2.35280      6.370    17.671   219.510   435.435   68415   68643
01359   3.0340  24.84   149.990   2.29730      6.690    13.918   350.219   435.640   68644   68738
12905   2.3720  24.03   149.912   2.20156      1.375     7.443     0.451   205.951   68739   68948
13008   2.3710  24.34   149.928   2.14705      2.478     3.756     0.166   205.537   68949   69159
13104   2.4400  24.41   149.884   2.24553     -0.502    10.417     0.471   263.799   69160   69426
13277   2.8850  24.55   149.891   2.13572     -0.004     2.990   239.043   435.063   69427   69638
12889   2.7100  24.59   149.950   2.21362      3.982     8.259   108.318   435.280   69639   69981
12950   2.9020  24.00   149.934   2.18433      2.871     6.278   251.549   435.229   69982   70174
00978   2.4220  24.76   149.953   2.22376      4.189     8.944    86.413   248.848   70175   70334
01004   2.5470  24.83   149.904   2.18071      0.866     6.033     0.398   354.444   70335   70700
00975   2.6080  23.95   149.915   2.22964      1.557     9.342    32.694   406.852   70701   71086
00961   2.9390  24.58   149.944   2.24439      3.545    10.339   279.402   435.388   71087   71248
00972   2.9100  24.27   149.913   2.23214      1.445     9.511   257.582   435.594   71249   71436
00981   2.9110  24.79   149.917   2.21486      1.727     8.342   258.622   435.360   71437   71622
13018   2.4370  24.35   149.988   2.14010      6.530     3.286     0.849   261.468   71623   71884
32466   2.3740  24.67   149.913   2.13575      1.474     2.992     0.593   207.337   71885   72097
10313   2.6020  24.77   149.910   2.10056      1.279     0.612    28.020   401.185   72098   72481
10319   2.6820  24.55   149.947   2.09879      3.721     0.493    87.847   435.552   72482   72844
00571   2.7910  21.16   149.910   2.08057      1.218    -0.740   171.794   435.721   72845   72995
00559   2.8770  24.39   149.909   2.09537      1.175     0.261   233.073   435.739   72996   73209
01024   2.9210  24.01   149.928   2.13666      2.482     3.054   265.867   435.552   73210   73388
01704   2.8770  24.37   149.872   2.11375     -1.323     1.504   232.829   435.645   73389   73605
01845   2.8830  24.75   149.916   2.10286      1.645     0.768   237.818   435.029   73606   73813
13037   2.6700  24.87   149.981   2.12939      6.081     2.562    78.212   429.294   73814   74184
10259   2.7760  24.16   150.017   2.12164      8.449     2.038   157.370   435.462   74185   74471
10324   2.6840  25.11   149.998   2.09670      7.218     0.351    89.205   435.793   74472   74834
10310   2.9000  24.88   149.996   2.10204      7.033     0.712   250.501   434.983   74835   75027
10004   2.2290  23.92   150.178   2.10280     19.369     0.764     0.189    85.014   75028   75113
09997   2.4360  24.44   150.102   2.12424     14.233     2.214     0.729   260.302   75114   75371
10024   2.7260  24.16   150.157   2.10439     17.971     0.871   120.714   435.419   75372   75699
00498   2.4090  24.69   150.081   2.07213     12.775    -1.310   104.519   237.126   75700   75825
00489   2.4950  24.37   150.185   2.08665     19.857    -0.328   189.681   310.883   75826   75950
09779   2.4980  24.59   150.239   2.09731     23.508     0.393    38.517   313.079   75951   76222
12775   2.7430  25.26   150.173   2.12745     19.020     2.431   132.675   435.134   76223   76539
00471   2.6270  23.70   150.183   2.12574     19.718     2.315    46.296   422.663   76540   76928
00478   2.5730  24.80   150.196   2.10132     20.563     0.664     5.855   376.766   76929   77310
33342   2.7200  24.39   150.419   2.31920     35.660    15.399   115.997   435.478   77311   77644
32121   2.6840  24.40   150.450   2.26208     37.741    11.536    88.954   435.338   77645   78009
14662   2.8110  24.33   150.426   2.34248     36.107    16.973   183.725   435.175   78010   78278
32088   2.7270  24.92   150.449   2.28938     37.704    13.382   121.441   435.642   78279   78606
14903   2.8280  24.74   150.378   2.35041     32.880    17.510   196.332   435.640   78607   78867
00774   2.4800  24.58   150.384   2.26909     33.290    12.010     0.496   298.081   78868   79172
00403   2.2350  24.23   150.377   2.12490     32.837     2.258     0.472    89.276   79173   79263
09735   2.3790  24.00   150.388   2.12393     33.539     2.193     0.754   211.802   79264   79481
09785   2.8040  23.96   150.327   2.09413     29.427     0.178   178.497   430.081   79482   79749
09774   2.8000  24.76   150.348   2.10100     30.857     0.642   175.331   426.759   79750   80017
09781   2.8850  24.78   150.291   2.09530     27.004     0.257   239.237   434.967   80018   80223
15386   2.2740  24.88   149.907   2.36607      1.069    18.569    10.356   122.622   80224   80341
15549   2.4730  24.56   149.891   2.44079     -0.063    23.622     0.232   292.214   80342   80638
18173   2.5120  24.81   149.881   2.48508     -0.722    26.617     0.664   325.157   80639   80975
18181   2.2530  23.83   149.884   2.47924     -0.526    26.222     0.046   104.670   80976   81084
15724   2.4540  24.66   149.892   2.45859      0.034    24.826     0.014   275.919   81085   81363
15294   2.9170  25.09   149.943   2.44747      3.461    24.074   262.565   435.482   81364   81543
01301   2.3830  24.62   149.902   2.43245      0.703    23.058     0.740   215.796   81544   81764
01585   2.4450  24.53   149.902   2.46640      0.693    25.354     0.061   267.771   81765   82033
01385   2.6830  24.85   149.885   2.37310     -0.469    19.044    88.605   435.543   82034   82406
01287   2.9450  24.79   149.920   2.45522      1.925    24.598   283.438   435.482   82407   82564
01382   2.9140  24.47   149.885   2.37958     -0.459    19.482   260.171   435.500   82565   82752
12839   2.4430  23.48   149.894   2.25015      0.191    10.729     0.159   266.759   82753   83020
33612   2.7510  23.20   149.931   2.32209      2.667    15.594   139.231   435.591   83021   83326
12782   2.8820  24.75   149.941   2.28977      3.328    13.408   236.260   435.083   83327   83535
15710   2.9630  24.84   149.878   2.30664     -0.895    14.549   297.053   435.647   83536   83680
01351   2.8210  24.58   149.910   2.31367      1.229    15.025   190.867   435.297   83681   83941
01763   2.7570  24.64   149.884   2.34798     -0.528    17.345   143.203   435.507   83942   84248
00946   2.9100  24.78   149.920   2.27261      1.895    12.248   257.912   435.515   84249   84434
01885   2.9280  24.99   149.892   2.28516      0.033    13.097   270.856   435.469   84435   84607
